training_1a = [0 0 0 1 0 0 0; 
               0 0 1 0 0 0 0; 
               0 0 0 1 0 0 0;  
               0 0 0 1 0 0 0; 
               0 0 0 1 0 0 0; 
               0 0 0 1 0 0 0; 
               0 0 0 1 0 0 0];
training_1b = [0 0 0 1 0 0 0; 
               0 0 0 1 0 0 0; 
               0 0 1 0 0 0 0; 
               0 0 1 0 0 0 0; 
               0 0 0 1 0 0 0; 
               0 0 0 1 0 0 0; 
               0 0 0 1 0 0 0];   
training_1c = [0 0 0 1 0 0 0; 
               0 0 0 1 0 0 0; 
               0 0 0 1 0 0 0; 
               0 0 0 1 0 0 0; 
               0 0 0 0 1 0 0; 
               0 0 0 1 0 0 0; 
               0 0 0 1 0 0 0]; 
training_1d = [0 0 0 1 0 0 0; 
               0 0 0 1 0 0 0; 
               0 0 0 0 1 0 0; 
               0 0 0 1 0 0 0; 
               0 0 0 1 0 0 0; 
               0 0 0 0 1 0 0; 
               0 0 0 1 0 0 0]; 
training_2a = [1 1 1 1 1 1 0; 
               0 0 0 0 0 1 0; 
               0 0 0 0 0 0 1; 
               1 1 1 1 1 1 1; 
               1 0 0 0 0 0 0; 
               1 0 0 0 0 0 0; 
               1 1 1 1 1 1 1]; 
training_2b = [1 1 1 1 1 1 1; 
               0 0 0 0 0 0 1; 
               0 0 0 0 0 1 0; 
               0 1 1 1 1 1 0; 
               1 0 0 0 0 0 0; 
               1 0 0 0 0 0 0; 
               1 1 1 1 1 1 1];  
training_2c = [1 1 1 1 1 1 1; 
               0 0 0 0 0 0 1; 
               0 0 0 0 0 0 1; 
               0 1 1 1 1 1 0; 
               1 0 0 0 0 0 0; 
               1 0 0 0 0 0 0; 
               1 1 1 1 1 1 1];
training_2d = [1 1 1 1 1 1 1; 
               0 0 0 0 0 1 0; 
               0 0 0 0 0 0 1; 
               0 1 1 1 1 1 1; 
               1 0 0 0 0 0 0; 
               1 0 0 0 0 0 0; 
               1 1 1 1 1 1 1];
training_3a = [1 1 1 1 1 1 1; 
               0 0 0 0 0 0 1; 
               0 0 0 0 0 0 1; 
               0 1 1 1 1 1 0; 
               0 0 0 0 0 0 1; 
               0 0 0 0 0 0 1; 
               1 1 1 1 1 1 1];
training_3b = [0 1 1 1 1 1 0; 
               0 0 0 0 0 0 1; 
               0 0 0 0 0 0 1; 
               1 1 1 1 1 1 0; 
               0 0 0 0 0 0 1; 
               0 0 0 0 0 0 1; 
               0 1 1 1 1 1 0];         
training_3c = [1 1 1 1 1 1 0; 
               0 0 0 0 0 0 1; 
               0 0 0 0 0 0 1; 
               1 1 1 1 1 1 1; 
               0 0 0 0 0 0 1; 
               0 0 0 0 0 0 1; 
               1 1 1 1 1 1 0];  
training_3d = [0 1 1 1 1 1 1; 
               0 0 0 0 0 0 1; 
               0 0 0 0 0 0 1; 
               0 1 1 1 1 1 1; 
               0 0 0 0 0 0 1; 
               0 0 0 0 0 0 1; 
               0 1 1 1 1 1 1];
training_4a = [0 0 0 0 0 0 0; 
               1 0 0 0 0 0 1; 
               1 0 0 0 0 0 1; 
               1 1 1 1 1 1 1; 
               0 0 0 0 0 0 1; 
               0 0 0 0 0 0 1; 
               0 0 0 0 0 0 1]; 
training_4b = [1 0 0 0 0 0 1; 
               1 0 0 0 0 0 1; 
               1 1 0 0 0 0 1; 
               0 1 1 1 1 1 1; 
               0 0 0 0 0 0 1; 
               0 0 0 0 0 0 1; 
               0 0 0 0 0 0 1];          
training_4c = [0 1 0 0 0 0 1; 
               0 1 0 0 0 0 1; 
               0 1 0 0 0 0 1; 
               0 1 1 1 1 1 1; 
               0 0 0 0 0 0 1; 
               0 0 0 0 0 0 1; 
               0 0 0 0 0 0 1];  
training_4d = [1 0 0 0 0 1 0; 
               1 0 0 0 0 0 1; 
               1 0 0 0 0 0 1; 
               0 1 1 1 1 1 1; 
               0 0 0 0 0 0 1; 
               0 0 0 0 0 0 1; 
              0 0 0 0 0 0 1];           
        